2.448000000000000000e+04
2.448000000000000000e+04
2.937400000000000000e+04
3.182100000000000000e+04
3.426800000000000000e+04
3.671500000000000000e+04
4.160900000000000000e+04
4.650300000000000000e+04
5.139700000000000000e+04
5.629100000000000000e+04
6.118500000000000000e+04
6.852600000000000000e+04
7.342000000000000000e+04
8.076100000000000000e+04
9.054900000000000000e+04
9.789000000000000000e+04
1.076780000000000000e+05
1.199130000000000000e+05
1.321480000000000000e+05
1.443830000000000000e+05
1.590650000000000000e+05
1.737470000000000000e+05
1.933230000000000000e+05
2.104520000000000000e+05
2.324750000000000000e+05
2.544980000000000000e+05
2.814150000000000000e+05
3.083320000000000000e+05
3.376960000000000000e+05
3.719540000000000000e+05
4.086590000000000000e+05
4.502580000000000000e+05
4.943040000000000000e+05
5.432440000000000000e+05
5.970780000000000000e+05
6.558060000000000000e+05
7.194280000000000000e+05
7.903910000000000000e+05
8.686950000000000000e+05
9.543400000000000000e+05
1.049773000000000000e+06
1.152547000000000000e+06
1.265109000000000000e+06
1.389906000000000000e+06
1.529385000000000000e+06
1.678652000000000000e+06
1.845048000000000000e+06
2.026126000000000000e+06
2.226780000000000000e+06
2.447010000000000000e+06
