9.168377518653869629e-02
1.022226810455322266e-01
7.640474289655685425e-02
7.337813079357147217e-02
8.258584886789321899e-02
6.264896690845489502e-02
6.578003615140914917e-02
6.680881232023239136e-02
5.207334086298942566e-02
6.163726001977920532e-02
6.006012856960296631e-02
4.990432411432266235e-02
5.043333023786544800e-02
4.592372477054595947e-02
4.615296050906181335e-02
4.124273732304573059e-02
3.546020388603210449e-02
3.965623676776885986e-02
3.487509116530418396e-02
3.413861989974975586e-02
3.072607330977916718e-02
3.109264932572841644e-02
2.618424594402313232e-02
2.426864393055438995e-02
2.341471612453460693e-02
2.452790737152099609e-02
2.263442054390907288e-02
1.865636184811592102e-02
1.577046327292919159e-02
1.872243359684944153e-02
1.426266785711050034e-02
1.599577628076076508e-02
1.369006559252738953e-02
1.265811827033758163e-02
1.370450947433710098e-02
1.086380984634160995e-02
8.311977609992027283e-03
7.029464934021234512e-03
9.806477464735507965e-03
8.765108883380889893e-03
7.057849783450365067e-03
6.503111217170953751e-03
7.644034456461668015e-03
6.970823276787996292e-03
7.440309505909681320e-03
4.482922144234180450e-03
6.599253974854946136e-03
6.217311602085828781e-03
5.467574577778577805e-03
4.234704654663801193e-03
