6.780000000000000000e+03
6.780000000000000000e+03
6.780000000000000000e+03
6.780000000000000000e+03
6.780000000000000000e+03
1.355000000000000000e+04
1.355000000000000000e+04
1.355000000000000000e+04
2.032000000000000000e+04
2.032000000000000000e+04
2.709000000000000000e+04
2.709000000000000000e+04
3.386000000000000000e+04
4.063000000000000000e+04
4.740000000000000000e+04
5.417000000000000000e+04
6.094000000000000000e+04
6.771000000000000000e+04
8.125000000000000000e+04
9.479000000000000000e+04
1.083300000000000000e+05
1.286400000000000000e+05
1.489500000000000000e+05
1.692600000000000000e+05
1.963400000000000000e+05
2.234200000000000000e+05
2.640400000000000000e+05
2.978900000000000000e+05
3.452800000000000000e+05
3.994400000000000000e+05
4.603700000000000000e+05
5.348400000000000000e+05
6.160800000000000000e+05
7.040900000000000000e+05
8.124100000000000000e+05
9.342700000000000000e+05
1.076440000000000000e+06
1.245690000000000000e+06
1.435250000000000000e+06
1.651890000000000000e+06
1.902380000000000000e+06
2.186720000000000000e+06
2.518450000000000000e+06
2.904340000000000000e+06
3.344390000000000000e+06
3.845370000000000000e+06
4.434360000000000000e+06
5.104590000000000000e+06
5.876370000000000000e+06
6.770010000000000000e+06
