2.879453897476196289e-01
3.051921725273132324e-01
2.808930277824401855e-01
2.921649813652038574e-01
2.882128059864044189e-01
2.839226722717285156e-01
2.274111509323120117e-01
2.495576292276382446e-01
2.537324130535125732e-01
1.717911511659622192e-01
2.097368985414505005e-01
2.697990834712982178e-01
2.596918046474456787e-01
1.623864918947219849e-01
2.546120882034301758e-01
1.901595443487167358e-01
1.192740052938461304e-01
1.766952723264694214e-01
9.134452044963836670e-02
1.735173016786575317e-01
8.520238846540451050e-02
6.411123275756835938e-02
8.490084856748580933e-02
6.249308958649635315e-02
6.598647683858871460e-02
6.136706843972206116e-02
5.509810894727706909e-02
5.958659574389457703e-02
4.959876090288162231e-02
3.585385903716087341e-02
3.642633557319641113e-02
3.076764568686485291e-02
3.094879351556301117e-02
2.960313111543655396e-02
2.473527938127517700e-02
2.443115971982479095e-02
2.223200537264347076e-02
1.761197671294212341e-02
1.883690059185028076e-02
1.435795333236455917e-02
1.463278569281101227e-02
1.534486655145883560e-02
1.471906341612339020e-02
1.328808814287185669e-02
1.431801356375217438e-02
1.219779998064041138e-02
1.040885690599679947e-02
1.084648258984088898e-02
9.231899864971637726e-03
8.702185004949569702e-03
