2.335357815027236938e-01
2.456950396299362183e-01
2.222055047750473022e-01
2.252867370843887329e-01
2.284190803766250610e-01
2.116988152265548706e-01
1.996409446001052856e-01
2.100762575864791870e-01
1.967374384403228760e-01
1.881394386291503906e-01
1.794935613870620728e-01
1.711637824773788452e-01
1.629842519760131836e-01
1.544897556304931641e-01
1.371636390686035156e-01
1.360283941030502319e-01
1.405034512281417847e-01
1.351822316646575928e-01
1.213228031992912292e-01
1.207596883177757263e-01
1.095384582877159119e-01
9.621984511613845825e-02
9.523197263479232788e-02
8.594775199890136719e-02
9.210279583930969238e-02
7.575203478336334229e-02
7.820393145084381104e-02
6.847684085369110107e-02
7.378385961055755615e-02
6.266113370656967163e-02
6.346546858549118042e-02
5.484460294246673584e-02
4.535926505923271179e-02
4.447317495942115784e-02
4.143908619880676270e-02
4.431084543466567993e-02
4.047011211514472961e-02
3.318159282207489014e-02
3.110649436712265015e-02
3.045444004237651825e-02
2.510409057140350342e-02
2.344370819628238678e-02
2.182403020560741425e-02
2.147823013365268707e-02
1.881398446857929230e-02
1.454323902726173401e-02
1.573177054524421692e-02
1.224138773977756500e-02
1.529940683394670486e-02
1.134676951915025711e-02
