2.465500000000000000e+04
2.783500000000000000e+04
3.101500000000000000e+04
3.499000000000000000e+04
3.976000000000000000e+04
4.453000000000000000e+04
5.009500000000000000e+04
5.645500000000000000e+04
6.361000000000000000e+04
7.235500000000000000e+04
8.110000000000000000e+04
9.143500000000000000e+04
1.025650000000000000e+05
1.152850000000000000e+05
1.295950000000000000e+05
1.462900000000000000e+05
1.645750000000000000e+05
1.844500000000000000e+05
2.083000000000000000e+05
2.337400000000000000e+05
2.631550000000000000e+05
2.957500000000000000e+05
3.331150000000000000e+05
3.744550000000000000e+05
4.213600000000000000e+05
4.738300000000000000e+05
5.326600000000000000e+05
5.994400000000000000e+05
6.741700000000000000e+05
7.584400000000000000e+05
8.530450000000000000e+05
9.587800000000000000e+05
1.078825000000000000e+06
1.213180000000000000e+06
1.364230000000000000e+06
1.534360000000000000e+06
1.725955000000000000e+06
1.941400000000000000e+06
2.183080000000000000e+06
2.454970000000000000e+06
2.761045000000000000e+06
3.105280000000000000e+06
3.492445000000000000e+06
3.928105000000000000e+06
4.417825000000000000e+06
4.968760000000000000e+06
5.588065000000000000e+06
6.285280000000000000e+06
7.068355000000000000e+06
7.950010000000000000e+06
